95.0 3.0 6.265406016231709
120.71213077635406 3.0 -0.15822047437324074
153.38335280597468 3.0 6.4705008396263395
194.8971720297945 3.0 3.7252030017986297
247.64687282107485 3.0 3.0942515564517397
314.6734915613967 3.0 4.1176441926385134
399.8411333180131 3.0 2.9049943047555367
508.05973868262765 3.0 1.8907511229604492
645.5681433479745 3.0 1.6821986861236606
820.2937488933559 3.0 2.4100865493975205
1042.3095399098995 3.0 1.2267215257582378
1324.4147946425803 3.0 1.9531538368887227
1682.8729672950858 3.0 2.6087288327865426
2138.3492811380574 3.0 1.3632439424165956
2717.102084950105 3.0 3.972337641295345
3452.496654854749 3.0 1.955931891048301
4386.928712692117 3.0 1.5472696390134328
5574.268552347716 3.0 -0.18381855952716464
7082.9666786685775 3.0 0.5166911826170778
9000.0 3.0 -8.460303577012686
